1365000001
1365000002
1365000003
1365000004
1365000005
1365000006
1365000007
1365000008
1365000009
1365000010
1365000011
1365000012
1365000013
1365000014
1365000015
1365000016
1365000017
1365000018
1365000019
1365000020
1365000021
1365000022
1365000023
1365000024
1365000025
1365000026
1365000027
1365000028
1365000029
1365000030
1365000031
1365000032
1365000033
1365000034
1365000035
1365000036
1365000037
1365000038
1365000039
1365000040
1365000041
1365000042
1365000043
1365000044
1365000045
1365000046
1365000047
1365000048
1365000049
1365000050
1365000051
1365000052
1365000053
1365000054
1365000055
1365000056
1365000057
1365000058
1365000059
1365000060
1365000061
1365000062
1365000063
1365000064
1365000065
1365000066
1365000067
1365000068
1365000069
1365000070
1365000071
1365000072
1365000073
1365000074
1365000075
1365000076
1365000077
1365000078
1365000079
1365000080
1365000081
1365000082
1365000083
1365000084
1365000085
1365000086
1365000087
1365000088
1365000089
1365000090
1365000091
1365000092
1365000093
1365000094
1365000095
1365000096
1365000097
1365000098
1365000099
1365000100
